0423420101뒞2023101201130214137120124 29 30 23 79             
0423420102뒞2023101210230236159140119  3 12 25 49             
0423420103낸2023101100120910                                  
0423420104뒞2023101200120954156141124 11  8 21 4433 405       
0423420105뒞2023101200110414147133134 21 17 13 4833 2A3       
0423420106뒞2023101210230216158135126  5 15 20 4723 2A1       
0423420107낸2023101110230236150134118 11 13 28 5811 410       
0423420108뒞2023101210230236158140123  4 12 21 44             
0423420109낸2023101110220916165135124  0 14 24 4712 2A1       
0423420110뒞2023101200110414144135133 24 14 14 4811           
0423420111낸2023101100120914147135128 22 16 21 5923 410       
0423420201뒞2023101201130214155136127 11 14 20 48             
0423420202뒞2023101210230246152130126 10 16 18 4822 2A3       
0423420203낸2023101110230214155138126  6  9 19 32             
0423420204뒞2023101201110434158134119  7 15 26 55             
0423420205뒞2023101200120914169148131  0  6 16 29             
0423420206낸2023101100130254145143133 24  9 17 4822 2A1       
0423420207낸2023101110330216144147126 21  1 23 4522 2A1       
0423420208뒞2023101201130234139133130 26 12 15 4712 2A1       
0423420209낸2023101101110434135126127 29 18 16 5911 410       
0423420210뒞2023101210221036157134121  5 16 23 5221 2A3       
0423420211뒞2023101211030245149134122 13 13 19 44             
0423420301뒞2023101211210416147130125 19 19 18 5531 2A3       
0423420302뒞2023101201121014146132132 20 18 15 51             
0423420303뒞2023101211210416150126125 16 24 18 5831 3A3       
0423420304낸2023101101120914160136120  5  8 25 4721 2A1       
0423420305낸2023101110230216154133124  8 20 24 58             
0423420306뒞2023101210210416152132128 11 19 18 5231 2A3       
0423420307낸2023101110230234132123118 29 25 28 74             
0423420308뒞2023101201120914147135127 19 11 20 502329A2       
0423420309뒞2023101200120914148133136 20 17 11 4432 2A1       
0423420310낸2023101110230216150134124 12 16 24 5712 310       
0423420311뒞2023101200120914148138135 20 11 12 4023 405       
0423420401뒞2023101201130214152145124 14  5 23 45             
0423420402뒞2023101201120914153134129 13 12 18 4523 2A1       
0423420403뒞2023101211230236170136123  0 12 18 37             
0423420404낸2023101111230214154136122 10 12 19 3123 405       
0423420405뒞2023101201130214140128129 26 22 18 62             
0423420406뒞2023101211210436152127124 13 23 17 5411 2A3       
0423420407뒞2023101210210416151135125 12 17 21 5433 505       
0423420408뒞2023101210220916195144122  0  5 24 39             
0423420409낸2023101110220916148138120 14 15 28 6222 2A3       
0423420410낸2023101110230216157132123  5 19 25 57             
0423420501뒞2023101200120944148134135 19 15 10 4031 2A1       
0423420502뒞2023101210230216160132126  3 18 20 492  2A1       
0423420503낸2023101101130214142131125 23 14 20 5722 2A3       
0423420504뒞2023101210220936163134123  0 17 21 4723 2A1       
0423420505뒞2023101201120914150136127 16 10 20 4723 2A3       
0423420506뒞2023101210230236165138125  0 12 19 3913 2A3       
0423420507뒞2023101211730236158141116  4  6 21 3723 2A1       
0423420508뒞2023101210220916161135126  2 18 20 4832 2A1       
0423420509뒞2023101201130214140142130 26  8 17 47             
0423420510뒞2023101201130234156140119  9  9 26 50             
0423420511낸2023101100120914146135136 23 16 13 4921           
0423420512뒞2023101210230236159136121  3 12 23 4723 305       
0423420513뒞2023101210210446148129136 14 19  8 4031 2A3       
0423420514뒞2023101211020925154144113  9  4 30 4822 2A3       
0423420515뒞2023101200130234146137132 21 12 13 4323 2A3       
0423420516뒞2023100510210436158132120  1 16 21 4633 305       
0423420517낸2023101110230236159134114  1 14 29 5523 405       
0423420518깵2023100910221016158132118  2 12 25 48             
0423420601뒞2023101210220916167140118  0  9 28 48             
0423420602뒞2023101211230216150134123 16 17 20 5411 2A1       
0423420603뒞2023101201110414140125127 26 25 20 68             
0423420604뒞2023101210230236163136119  0 13 25 492336A2       
0423420605뒞2023101201121014152134122 14 16 25 59             
0423420606낸2023101100130244156137133 12 13 14 4023 2A3       
0423420607佳023101310230216157140124 10 13 27 56             
0423420608낸2023101110230236148136120 13 12 26 5522 305       
0423420609낸2023101110230214154134122  8 18 26 5222 305       
0423420610뒞2023101201130214151142127 15  8 20 45             
0423420701뒞2023101200130214145136130 23 14 17 5223 405       
0423420702낸2023101110230216164130117  0 21 31 6423 3A3       
0423420703깵2023100901130214140124127 28 30 24 81             
0423420704낸2023101101121034146138125 18 10 18 47             
0423420705뒞2023101201120914147133128 19 17 19 55             
0423420706낸2023101110220916148129125 13 22 20 57             
0423420707뒞2023101210220946153132119  9 19 25 60             
0423420708뒞2023101210230236154134123  8 17 21 5223 4A3       
0423420709뒞2023101200130214152141137 16 13 10 37             
0423420710뒞2023101201120934138130121 27 19 24 68             
0423420711뒞2023101200130214146140123 22  9 24 5612 2A3       
0423420712낸2023101110220926152131124  9 20 21 5423 2A1       
0423420713뒞2023101200130234144134129 23 14 16 5023 405       
0423420714뒞2023101211221016180138111  0  9 32 53             
0423420715뒞2023101211030215148130115 15 18 28 63             
0423420716뒞2023100500130234181156135  0  0 14 19             
0423420717뒞2023101210230216176136119  0 14 27 5323 316       
0423420718뒞2023101210230216156136120  7 12 26 53             
0423420801낸2023101110230216153132116  8 15 29 6023 410       
0423420802뒞2023101201110414141128136 25 22 11 52             
0423420803뒞2023101210210416155137134  8 11 12 33             
0423420804낸2023101101130214168134153  0 15  0 15             
0423420805뒞2023101210220916164136114  0 11 32 56             
0423420806뒞2023101210230236168134126  0 17 18 43             
0423420807낸2023101111211016144128123 20 16 18 53             
0423420808뒞2023101201110444133125134 32 24 11 58             
0423420809낸2023101101120914149134126 16 15 19 52             
0423420810뒞2023101201130214169144131  0  6 16 28             
0423420811뒞2023101211030245148141113 14  6 28 5122 6A3       
0423420812낸2023101111210416149132111 15 16 30 67             
0423420813뒞2023101201130214141134124 25 12 23 5811 5OP       
0423420814낸2023101101130234153139123 11  5 20 4023 405       
0423420815낸2023101101130234156143128  8  5 15 32             
0423420901뒞2023101201110434129122130 36 27 15 69             
0423420902낸2023101110230216155125120  7 25 28 6823 4OP       
0423420903낸2023101111230234163130117  0 17 22 3513 305       
0423420904낸2023101101130214152140132 13  9 13 36             
0423420905낸2023101101120914146132122 19 13 23 572  2A1       
0423420906낸2023101100120914138135126 32 23 26 79             
0423420907낸2023101101110444141128120 23 20 23 67             
0423420908낸2023101110220916155130118  7 19 30 65             
0423420909낸2023101111230214152128118 12 17 23 43             
0423420910뒞2023101210220916156138126  7 15 20 4823 3A3       
0423420911낸2023101110230216160136113  1 14 32 5923 2A1       
0423420912뒞2023101200130214148136136 20 18 11 45             
0423420913뒞2023101200120914151134123 17 20 24 64             
0423420914낸2023101100130214139134134 31 19 18 6323           
0423420915뒞2023101201130214145127124 21 23 23 67             
0423420916낸2023101110220916154128118  8 22 30 6923 416       
0423420917낸2023101110230236156129119  4 17 24 5223 510       
0423421001낸2023101101120934142128123 22 20 20 62             
0423421002뒞2023101210220916145126130 18 24 16 58             
0423421003뒞2023101200130214142133128 26 17 19 5911 405       
0423421004뒞2023101201130214156135122 10 15 25 56             
0423421005낸2023101101110414149128120 16 21 25 66             
0423421006뒞2023101201121014136130129 30 20 18 63             
0423421007낸2023101110230236154132120  7 19 26 5923 305       
0423421008뒞2023101210220946157134117  5 18 27 59             
0423421009뒞2023101210221016150128124 13 23 22 6323           
0423421010뒞2023101210220926150132124 13 20 22 5923 2A1       
0423421011뒞2023101210210416163134122  0 16 24 51             
0423421012뒞2023101201121014143128124 23 22 23 68             
0423421013뒞2023101211230236159122121  6 28 20 59             
0423421101뒞2023101201130234146131129 19 18 16 51             
0423421102뒞2023101211220914151118113 15 29 30 66             
0423421103뒞2023101201130234149134119 16 15 26 61             
0423421104뒞2023101211230226173120116  0 31 27 68             
0423421105뒞2023101200130234148137125 19 16 20 55             
0423421106낸2023101101121014145130120 20 19 25 67             
0423421107낸2023101100110414151129127 19 29 25 76             
0423421108뒞2023101201120914143132122 23 18 25 66             
0423421109뒞2023101210220916145130123 18 22 23 6622 616       
0423421110뒞2023101211220916159126117  7 23 26 6323 2A1       
0423421111낸2023101110230246169133114  0 11 29 5123 410       
0423421112뒞2023101201130234154135128 11 10 17 3913 416       
0423421113뒞2023101210230216157128119  6 25 27 67             
0423421114낸2023101101120914147134122 18 15 23 59             
0423421115뒞2023101211230216155135117 11 13 26 56             
0423421201뒞2023101200120934141134127 26 19 18 60             
0423421202낸2023101101120934143123128 21 25 15 59             
0423421203뒞2023101210230216169140125  0  8 21 38             
0423421204뒞2023101210221016154132122  9 18 24 58             
0423421205뒞2023101201130234149133128 16 16 17 49             
0423421206뒞2023101200120914154131127 14 23 20 59             
0423421207뒞2023101211710416139132114 24 15 25 64             
0423421208낸2023101100130214143134130 27 19 22 6722 2A3       
0423421209깵2023100910210416158133116  2 14 27 5311 410       
0423421210낸2023101110220916157134121  4 17 24 5223 305       
0423421211낸2023101110220916148132125 13 18 20 532242A2       
0423421212낸2023101101110414150132124 15 13 21 5211 305       
0423421213낸2023101111230244165126115  0 21 24 4213 2A3       
0423421214낸2023101101130214152138131 13  7 14 3531 2A1       
0423421215뒞2023101201130214155142127 11  8 20 42             
0523450101낸2023101100110414136132130 33 24 19 71             
0523450102뒞2023101210210416159138116  4 14 30 5921 305       
0523450103뒞2023101210230234153133120  9 17 24 50             
0523450104뒞2023101210220916159132123  4 15 23 5123 4A3       
0523450105뒞2023101210220916159137121  4 16 25 5411 505       
0523450106뒞2023101210230216158138124  5 15 22 4923 2A3       
0523450107낸2023101101110414147140117 18  9 28 60             
0523450108뒞2023101210220916183140115  0  9 31 5322 2A1       
0523450109뒞2023101210230216155130128  8 19 18 5021 2A3       
0523450110낸2023101100120944147134130 21 17 17 5423 305       
0523450111늧202310140A1 16 0                                  
0523450112늧202310140A1 16 0                                  
0523450113뒞2023101210230216162132120  1 20 26 58             
0523450201뒞2023101210220916153130126 10 18 20 5323 2A3       
0523450202낸2023101110220916147136119 15 16 29 652  305       
0523450203뒞2023101210230236155133122  7 14 22 5033 2A3       
0523450204뒞2023101210220916153130115 10 17 31 67             
0523450205뒞2023101210220936158135124  4 14 20 46             
0523450206뒞2023101210330215146129120 19 19 29 6713 2A1       
0523450207늧202310140A1 16 0                                  
0523450301뒞2023101210230216158132121  5 20 25 5923 510       
0523450302뒞2023101210210416153132126 10 18 20 5333 2A3       
0523450303뒞2023101210230216151132123 12 21 23 6123 510       
0523450304뒞2023101211030215141136124 22 11 19 4823 2A3       
0523450305낸2023101110220916163134125  0 14 23 4512 2A1       
0523450306뒞2023101210230246147128118 15 21 26 6822 2A3       
0523450307낸2023101110210416157132119  4 19 26 5733 3OP       
0523450308뒞2023101200110424159140133  9 10 14 3523 2A3       
0523450309늧202310140A1 16 0                                  
0523450310낸2023101110220916173139124  0 14 24 4723 405       
0523450311뒞2023101210220916156128119  7 19 27 6233 3OP       
0523450312낸2023101100120914145136133 24 20 16 57             
0523450401뒞2023101210230216158136120  5 13 26 5423 305       
0523450402낸2023101110220936144132120 16 15 23 5713 510       
0523450403뒞2023101200110434155144138 12  5  7 2223 2A1       
0523450404뒞2023101201130214136134130 30 12 17 5321 410       
0523450405뒞2023101210230216157138124  6 11 22 4623 305       
0523450406낸2023101101130244154142120 10  6 23 45             
0523450407뒞2023101210230216168138127  0 10 19 3711 2A1       
0523450408뒞2023101200120934147132125 20 17 20 5712 305       
0523450409뒞2023101210330215146129120 19 19 29 6813 2A1       
0523450410뒞2023101201130214150140138 16  6  9 2723 2A1       
0523450411뒞2023101210230236155136124  7 13 20 4621           
0523450412뒞2023101210230216163132123  0 19 23 5222 2A1       
0523450413낸2023101100120914147136127 22 15 22 6011 2A1       
0523450414뒞2023101200120914148136126 20 18 21 59             
0523450415뒞2023101210221036151131118 11 20 26 6423 2A1       
0523450416뒞2023101210220916152130127 11 21 19 5523 305       
0523450501뒞2023101210230236148136123 14 14 21 5322 2A1       
0523450502뒞2023101210230216156142123  7 10 23 47             
0523450503뒞2023101210210446155135128  7 16 16 4323 410       
0523450504낸2023101101110414143128127 22 16 18 5531 2A3       
0523450505뒞2023101201130214148140125 18 10 22 51             
0523450506낸2023101110220916156132123  5 15 22 4923 2A1       
0523450507뒞2023101210210416156134127  7 17 19 4923 3A3       
0523450508뒞2023101200130224152138138 16 12  9 3423 2A1       
0523450509뒞2023101210430245154136118  9  7 18 3523 505       
0523450510낸2023101110220916152128129  9 22 16 4911 410       
0523450511뒞2023101210210416162136125  1 13 21 4431 2A3       
0523450512뒞2023101210220916163132125  0 19 21 4923 2A1       
0523450513뒞2023101210220936162134119  0 17 25 5331 310       
0523450514뒞2023101210230236162132122  0 18 22 5023 5OP       
0523450601낸2023101110220916164128114  0 20 34 67             
0523450602낸2023101110230246151132119  9 17 24 55             
0523450603뒞2023101210210416163136121  0 17 25 5333 310       
0523450604뒞2023101210230236158138123  4 13 21 46             
0523450605낸2023101110220916144131125 18 20 23 6322 305       
0523450606늧202310140A1 16 0                                  
0523450607뒞2023101200130214148135135 20 15 12 4531 2A1       
0523450608뒞2023101210230216173140116  0  8 30 5023 510       
0523450609뒞2023101210230234155135120  7 16 24 48             
0523450610낸2023101100130234136131124 33 26 26 83             
0523450611뒞2023101211030215144148123 19  0 20 37             
0523450612낸2023101100120914149132134 21 22 18 602  2A1       
0523450613낸2023101110220946163140115  0 11 31 54             
0523450614낸2023101100130214146139132 24 19 20 62             
0523450615낸2023101110230216172138125  0 14 23 4522 2A3       
0523450616뒞2023101210230216146130121 17 22 25 68             
0523450701낸2023101110230216146128128 16 21 20 5821 2A3       
0523450702낸2023101110230216155136116  7 15 32 642  5OP       
0523450703뒞2023101210210416155130128  8 21 18 5231 2A3       
0523450704낸2023101110230236159132119  2 19 27 5723 310       
0523450705뒞2023101211210416139135122 27 16 21 61             
0523450706뒞2023101200120934149132127 18 17 18 5432 305       
0523450707낸2023101101110414142135129 23  9 16 4631 2A3       
0523450708뒞2023101201130214185126125  0 24 22 55             
0523450709낸2023101100130214150132125 19 19 24 652  5OP       
0523450710낸2023101110230246163138121  0 13 25 4722 2A3       
0523450801뒞2023101210230236155131119  7 19 25 5923           
0523450802뒞2023101210210416159132120  4 17 26 5633 305       
0523450803낸2023101110230216143130121 19 19 27 6833           
0523450804낸2023101100130214173134134  0 24 18 49             
0523450805낸2023101110230216153134129  9 15 19 47             
0523450806뒞2023101210220916148135119 15 16 27 6423 4OP       
0523450807뒞2023101210230236156137127  6 12 17 4123 4OP       
0523450808뒞2023101200110414158136135 10 14 12 3731 2A1       
0523450809늧202310140A1 16 0                                  
0523450810낸2023101110330215148134123 17 14 26 57             
0523450811뒞2023101210230216152134118 11 17 28 6423 310       
0523450812뒞2023101210230216154136121  9 17 25 5822 2A1       
0523450901뒞2023101210230246155136125  7 16 19 47             
0523450902낸2023101110221036157137121  4 15 25 522332A2       
0523450903뒞2023101210230236154136120  8 14 24 53             
0523450904낸2023101101120934156130126  8 18 17 47             
0523450905낸2023101111230236152126123 11 20 16 49             
0523450906낸2023101101120914146136126 19 13 19 52             
0523450907뒞2023101200130234149134127 18 19 18 55             
0523450908낸2023101110230236158134118  2 15 25 5122 2A1       
0523450909뒞2023101210230216150131121 13 22 25 6523 5A3       
0523450910낸2023101111230236150140129 13  7 10 29             
0523450911낸2023101101130234156138128  8 10 15 37             
0523450912낸2023101110230246157136122  4 15 24 50             
0523451001낸2023101101110414146128119 19 21 26 70             
0523451002뒞2023101200130214148126127 20 23 20 632  616       
0523451003뒞2023101210230226157128117  6 20 29 6532 3OP       
0523451004뒞2023101210230236182136120  0 12 24 4723 305       
0523451005뒞2023101211010415150133114 13 15 29 6032 3A3       
0523451006뒞2023101200120914149136126 19 18 21 59             
0523451007뒞2023101200130214143136127 25 18 20 61             
0523451008뒞2023101210230216151125117 12 23 29 72             
0523451009뒞2023101201130234142130125 23 19 20 60             
0523451010뒞2023101201120914144126131 22 20 16 5511 505       
0523451011뒞2023101201130244152136128 13 13 17 44             
0523451012뒞2023101201130214149134133 17 16 14 45             
0523451013뒞2023101210210416154130120  9 19 26 6233 3OP       
0523451014뒞2023101200130214146133130 22 21 17 58             
0523451101뒞2023101201120914143126124 23 20 23 6611 2A3       
0523451102뒞2023101200130214142136129 26 14 18 5523 2A1       
0523451103뒞2023101211720916141125116 22 23 23 68             
0523451104뒞2023101210220916147131120 16 20 26 672324A3       
0523451105뒞2023101210220914152127120 11 25 26 6223 510       
0523451106낸2023101111210436147127117 16 20 22 6011 2A1       
0523451107뒞2023101210230236156138121  6 12 23 4923 416       
0523451108뒞2023101210230236156138118  6 12 26 5323 5OP       
0523451109뒞2023101210230236154135118  8 15 26 5712           
0523451110뒞2023101210220936151131120 11 19 24 60             
0523451111뒞2023101201130214150136125 16 14 22 54             
0523451112뒞2023101201130214144143126 22  7 21 49             
0523451113뒞2023101210230216153130125 10 18 21 5411 2A1       
0523451114낸2023101110230216154124120  7 23 25 622332A2       
0523451115뒞2023101210230246154138119  8 13 25 5423 3OP       
0523451201낸2023101110230216156133113  6 15 35 672  416       
0523451202낸2023101110230216155131118  7 20 30 6623 516       
0523451203낸2023101110230226153132121  8 17 24 5523 510       
0523451204뒞2023101210230214152126119 11 25 27 6322 5OP       
0523451205낸2023101111030215145139121 20  9 24 51             
0523451206낸2023101100130214145136130 25 22 22 68             
0523451207뒞2023101210230216153134119 10 18 27 6323 3A2       
0523451208낸2023101110230216163126120  0 27 28 6522 410       
0523451209낸2023101100130214141132126 29 26 26 80             
0523451210뒞2023101210230216155134119  8 18 27 6123 310       
0523451211뒞2023101210220926152134121 11 16 25 59             
0523451212뒞2023101210230246157134119  5 18 25 57             
0523451213뒞2023101210230216150132120 13 20 26 6521 416       
0523451214뒞2023101210230216165131123  0 19 23 52             
0823250101뒞2023101201120914155136126 11 14 21 50             
0823250102늧202310140A1 16 0                                  
0823250103낸2023101111610436144120118 22 21 22 6511 2A3       
0823250104뒞2023101201130234141130121 24 19 24 67             
0823250105뒞2023101201130214137126123 29 24 24 75             
0823250106뒞2023101201110414139126125 27 20 22 6732 316       
0823250107늧202310140A1 16 0                                  
0823250108낸2023101101110434148142124 16  6 19 43             
0823250109뒞2023101201120944157139122  8 10 23 47             
0823250201낸2023101101130214160140135  5  9 10 27             
0823250202뒞2023101211230216157132123  9 18 20 5123 2A3       
0823250203뒞2023101211210446154129114 11 20 27 6422 316       
0823250204늧202310140A1 16 0                                  
0823250205뒞2023101201130214149136126 17 10 21 482  2A1       
0823250206뒞2023101211210416147130124 19 20 19 5811 2A3       
0823250207뒞2023101211220946150131119 15 17 22 57             
0823250208늧202310140A1 16 0                                  
0823250209낸2023101101130214144134122 21 15 23 61             
0823250301낸2023101101121034141130126 23 13 17 5223 2A1       
0823250302낸2023101111720916140139114 24  9 25 59             
0823250303뒞2023101211220946145126124 20 23 17 58             
0823250304늧202310140A1 16 0                                  
0823250305늧202310140A1 16 0                                  
0823250401낸2023101101121014150132126 15 12 19 4911 2A1       
0823250402뒞2023101211230236160128117  5 21 24 5722 4OP       
0823250403뒞2023101201130214147131128 19 15 19 5311 510       
0823250404뒞2023101211220916155132124 11 15 19 48             
0823250405낸2023101101110434164138124  0  6 19 3422 2A3       
0823250406뒞2023101211730226155142113  8  5 26 462  2A3       
0823250407뒞2023101201130214147148134 19  2 13 31             
0823250408낸2023101111220936167137120  0  9 19 35             
0823250409뒞2023101201130214150129121 16 21 26 67             
0823250410뒞2023101201110414145132126 21 18 21 60             
0823250411뒞2023101201130234146128124 19 17 21 5711 605       
0823250501낸2023101111210436148128117 15 18 22 5731 4OP       
0823250502뒞2023101201110414138138133 28  8 14 4432 2A1       
0823250503뒞2023101201130214145134126 21 12 21 532  2A3       
0823250504뒞2023101201110414147132130 19 14 17 4931 2A1       
0823250505뒞2023101211230236149131119 16 19 22 5911 2A1       
0823250506뒞2023101211210436162134120  3 14 21 4511 2A1       
0823250507뒞2023101211210416153134127 13 16 16 4633 2A1       
0823250508뒞2023101211220946151127115 14 21 26 6631 2A3       
0823250509뒞2023101201120934147130132 18 15 13 4423 3OP       
0823250510뒞2023101201110414157138128  9  8 19 4032 516       
0823250511뒞2023101201110414139134133 27 16 14 51             
0823250512낸2023101101121034150132122 14 16 21 55             
0823250513뒞2023101211230236149128119 16 17 22 5723 2A1       
0823250514낸2023101101111034152132122 12 12 21 4921 510       
0823250515낸2023101101110414148143129 17  1 16 3513 2A3       
0823250601낸2023101111220916165139115  0  9 26 462327A3       
0823250602뒞2023101211220914154131117 12 19 26 4923 516       
0823250603낸2023101101130214149133128 16 16 17 50             
0823250604뒞2023101201130244143125121 22 24 24 70             
0823250605뒞2023101201120914148138124 18 12 23 55             
0823250606낸2023101101110414157139128  8  6 17 3533 305       
0823250607뒞2023101211230244151126117 14 23 24 52             
0823250608깵2023100911230216148139135 22 14 14 48             
0823250701뒞2023101201110414142128127 24 18 20 601125A3       
0823250702뒞2023101201110414150139122 16 11 25 55             
0823250703낸2023101111230216156132123  8 15 18 45             
0823250704늧202310140A1 16 0                                  
0823250705뒞2023101201130214143138129 23 12 18 51             
0823250706낸2023101101120914152124123 13 25 22 64             
0823250707뒞2023101201120914152136124 14 14 23 54             
0823250708뒞2023101201120914150139123 16 11 24 54             
0823250709뒞2023101201130214156132125 10 18 22 54             
0823250710낸2023101111230246149134120 14 13 19 47             
0823250711낸2023101111531435140127140  4 17  3 23             
0823250712뒞2023101201120914139134120 27 16 27 70             
0823250713뒞2023101201110414146130127 20 16 20 5633 2A1       
0823250801뒞2023101211710426132137126 31 11 13 47             
0823250802뒞2023101201120914147129122 19 21 25 67             
0823250803낸2023101111230216157128116  7 19 25 5823 2         
0823250804뒞2023101201110414141129128 25 17 19 5731 405       
0823250805낸2023101111230216151126124 13 20 17 5123 305       
0823250806뒞2023101211230236151132119 14 16 22 5523 205       
0823250901뒞2023101201121014148136128 18 14 19 51             
0823250902늧202310140A1 16 0                                  
0823250903뒞2023101201130214146136129 20 10 18 471325A3       
0823250904뒞2023101201110414138116131 28 34 16 73             
0823250905늧202310140A1 16 0                                  
0823250906뒞2023101201120914151133125 15 17 22 56             
0823250907뒞2023101200110414143134131 25 16 16 5431 405       
0823250908뒞2023101201120934145132122 20 17 23 61             
0823250909뒞2023101210230216165136120  0 17 26 5421 2A1       
0823250910낸2023101101120914148130120 17 19 25 65             
0823250911뒞2023101211420916137128114 29 22 24 73             
0823250912늧202310140A1 16 0                                  
0823251001뒞2023101201110414135126127 31 24 20 70             
0823251002낸2023101101110414145127127 20 17 18 5533 6OP       
0823251003뒞2023101211210416157124117  9 23 26 6431 316       
0823251004뒞2023101201121044159131123  6 18 22 52             
0823251005뒞2023101211220916153133116 13 17 27 62             
0823251006뒞2023101201120914139128126 27 18 21 6213 310       
0823251007뒞2023101201130214150130121 16 20 26 66             
0823251101뒞2023101211210416153124115 13 22 28 6911 416       
0823251102낸2023101111230216151134116 13 14 25 56             
0823251103뒞2023101201130214153135128 13 11 19 442  5OP       
0823251104낸2023101101120914142124121 23 25 24 73             
0823251105낸2023101101120934151142120 13  6 23 47             
0823251106낸2023101111230236150128117 13 18 22 5611 305       
0823251107낸2023101101120914147138121 18 11 24 56             
0823251108낸2023101110220916153126114  8 19 31 67             
0823251109낸2023101110230236149130116 12 20 30 6923 4A3       
0823251110낸2023101110230216162133113  0 17 35 6613           
0823251111뒞2023101201130224138129132 28 17 15 5422 2A1       
0823251112낸2023101111230236165128113  0 18 26 54             
0823251113낸2023101101130234155132120  9 16 23 54             
0823251114낸2023101111220916150130116 14 18 25 6133 305       
0823251115낸2023101110230216155138117  6  9 28 5213 305       
0823251116뒞2023101211220914152126118 14 22 25 521225A2       
0823251117낸2023101101130214156134123  9 15 22 52             
0823251118뒞2023101200130214152135129 16 19 18 54             
0823251201뒞2023101201130244145135130 20 10 15 4233 610       
0823251202뒞2023101201120944153137126 12  8 19 4111 2A1       
0823251203뒞2023101211220936158140113  7  8 28 51             
0823251204뒞2023101201120934146133133 19 12 12 403  405       
0823251205뒞2023101201110414148129127 18 21 20 59             
0823251206뒞2023101211221016149125118 17 22 25 67             
0823251207뒞2023101211410436155129117 10 20 19 54             
0823251208뒞2023101211210416153130124 13 20 19 5411 510       
0823251209뒞2023101210230216162138120  1 10 26 48             
0823251210깵2023100901130214139127125 29 27 26 81             
0823251211뒞2023101201110414136130132 30 20 15 59             
0823251212뒞2023101201130214153137129 13  9 18 4233 4OP       
0823251213뒞2023101201130214152132122 14 18 25 61             
0823251214뒞2023101211210416148132122 18 17 21 57             
